ISOMORPHISM: {(1,2),(2,10),(3,9),(4,25),(5,42)}
ISOMORPHISM: {(1,2),(2,42),(3,25),(4,9),(5,10)}
ISOMORPHISM: {(1,3),(2,18),(3,25),(4,36),(5,43)}
ISOMORPHISM: {(1,3),(2,18),(3,43),(4,42),(5,25)}
ISOMORPHISM: {(1,3),(2,24),(3,36),(4,25),(5,42)}
ISOMORPHISM: {(1,3),(2,24),(3,42),(4,43),(5,36)}
ISOMORPHISM: {(1,3),(2,25),(3,18),(4,24),(5,42)}
ISOMORPHISM: {(1,3),(2,25),(3,42),(4,43),(5,18)}
ISOMORPHISM: {(1,3),(2,36),(3,24),(4,18),(5,43)}
ISOMORPHISM: {(1,3),(2,36),(3,43),(4,42),(5,24)}
ISOMORPHISM: {(1,3),(2,42),(3,24),(4,18),(5,25)}
ISOMORPHISM: {(1,3),(2,42),(3,25),(4,36),(5,24)}
ISOMORPHISM: {(1,3),(2,43),(3,18),(4,24),(5,36)}
ISOMORPHISM: {(1,3),(2,43),(3,36),(4,25),(5,18)}
ISOMORPHISM: {(1,10),(2,2),(3,9),(4,27),(5,42)}
ISOMORPHISM: {(1,10),(2,27),(3,40),(4,2),(5,42)}
ISOMORPHISM: {(1,10),(2,42),(3,2),(4,40),(5,27)}
ISOMORPHISM: {(1,10),(2,42),(3,27),(4,9),(5,2)}
ISOMORPHISM: {(1,12),(2,14),(3,24),(4,23),(5,48)}
ISOMORPHISM: {(1,12),(2,14),(3,48),(4,29),(5,24)}
ISOMORPHISM: {(1,12),(2,23),(3,41),(4,14),(5,48)}
ISOMORPHISM: {(1,12),(2,23),(3,48),(4,29),(5,41)}
ISOMORPHISM: {(1,12),(2,24),(3,14),(4,41),(5,29)}
ISOMORPHISM: {(1,12),(2,24),(3,29),(4,48),(5,14)}
ISOMORPHISM: {(1,12),(2,29),(3,24),(4,23),(5,41)}
ISOMORPHISM: {(1,12),(2,29),(3,41),(4,14),(5,24)}
ISOMORPHISM: {(1,12),(2,41),(3,23),(4,24),(5,29)}
ISOMORPHISM: {(1,12),(2,41),(3,29),(4,48),(5,23)}
ISOMORPHISM: {(1,12),(2,48),(3,14),(4,41),(5,23)}
ISOMORPHISM: {(1,12),(2,48),(3,23),(4,24),(5,14)}
ISOMORPHISM: {(1,13),(2,33),(3,37),(4,50),(5,44)}
ISOMORPHISM: {(1,13),(2,33),(3,44),(4,47),(5,37)}
ISOMORPHISM: {(1,13),(2,37),(3,47),(4,44),(5,33)}
ISOMORPHISM: {(1,13),(2,44),(3,33),(4,26),(5,50)}
ISOMORPHISM: {(1,13),(2,44),(3,50),(4,37),(5,33)}
ISOMORPHISM: {(1,13),(2,50),(3,26),(4,33),(5,44)}
ISOMORPHISM: {(1,14),(2,12),(3,48),(4,17),(5,24)}
ISOMORPHISM: {(1,14),(2,17),(3,15),(4,12),(5,24)}
ISOMORPHISM: {(1,14),(2,24),(3,12),(4,15),(5,17)}
ISOMORPHISM: {(1,14),(2,24),(3,17),(4,48),(5,12)}
ISOMORPHISM: {(1,15),(2,17),(3,14),(4,22),(5,35)}
ISOMORPHISM: {(1,15),(2,35),(3,22),(4,14),(5,17)}
ISOMORPHISM: {(1,17),(2,14),(3,15),(4,42),(5,24)}
ISOMORPHISM: {(1,17),(2,14),(3,24),(4,35),(5,15)}
ISOMORPHISM: {(1,17),(2,15),(3,14),(4,49),(5,35)}
ISOMORPHISM: {(1,17),(2,15),(3,35),(4,24),(5,14)}
ISOMORPHISM: {(1,17),(2,24),(3,14),(4,45),(5,42)}
ISOMORPHISM: {(1,17),(2,24),(3,42),(4,15),(5,14)}
ISOMORPHISM: {(1,17),(2,35),(3,15),(4,45),(5,49)}
ISOMORPHISM: {(1,17),(2,35),(3,49),(4,14),(5,15)}
ISOMORPHISM: {(1,17),(2,42),(3,24),(4,49),(5,45)}
ISOMORPHISM: {(1,17),(2,42),(3,45),(4,14),(5,24)}
ISOMORPHISM: {(1,17),(2,45),(3,42),(4,35),(5,49)}
ISOMORPHISM: {(1,17),(2,45),(3,49),(4,24),(5,42)}
ISOMORPHISM: {(1,17),(2,49),(3,35),(4,42),(5,45)}
ISOMORPHISM: {(1,17),(2,49),(3,45),(4,15),(5,35)}
ISOMORPHISM: {(1,19),(2,7),(3,39),(4,46),(5,34)}
ISOMORPHISM: {(1,19),(2,34),(3,7),(4,30),(5,46)}
ISOMORPHISM: {(1,19),(2,34),(3,46),(4,39),(5,7)}
ISOMORPHISM: {(1,19),(2,46),(3,30),(4,7),(5,34)}
ISOMORPHISM: {(1,20),(2,38),(3,8),(4,45),(5,49)}
ISOMORPHISM: {(1,20),(2,49),(3,45),(4,8),(5,38)}
ISOMORPHISM: {(1,23),(2,12),(3,48),(4,28),(5,41)}
ISOMORPHISM: {(1,23),(2,41),(3,28),(4,48),(5,12)}
ISOMORPHISM: {(1,24),(2,3),(3,36),(4,17),(5,42)}
ISOMORPHISM: {(1,24),(2,3),(3,42),(4,16),(5,36)}
ISOMORPHISM: {(1,24),(2,12),(3,14),(4,16),(5,29)}
ISOMORPHISM: {(1,24),(2,12),(3,29),(4,17),(5,14)}
ISOMORPHISM: {(1,24),(2,14),(3,12),(4,42),(5,17)}
ISOMORPHISM: {(1,24),(2,14),(3,17),(4,29),(5,12)}
ISOMORPHISM: {(1,24),(2,16),(3,29),(4,3),(5,36)}
ISOMORPHISM: {(1,24),(2,16),(3,36),(4,12),(5,29)}
ISOMORPHISM: {(1,24),(2,17),(3,14),(4,3),(5,42)}
ISOMORPHISM: {(1,24),(2,17),(3,42),(4,12),(5,14)}
ISOMORPHISM: {(1,24),(2,29),(3,12),(4,36),(5,16)}
ISOMORPHISM: {(1,24),(2,29),(3,16),(4,14),(5,12)}
ISOMORPHISM: {(1,24),(2,36),(3,3),(4,29),(5,16)}
ISOMORPHISM: {(1,24),(2,36),(3,16),(4,42),(5,3)}
ISOMORPHISM: {(1,24),(2,42),(3,3),(4,14),(5,17)}
ISOMORPHISM: {(1,24),(2,42),(3,17),(4,36),(5,3)}
ISOMORPHISM: {(1,25),(2,3),(3,18),(4,2),(5,42)}
ISOMORPHISM: {(1,25),(2,42),(3,2),(4,18),(5,3)}
ISOMORPHISM: {(1,26),(2,41),(3,28),(4,13),(5,50)}
ISOMORPHISM: {(1,26),(2,50),(3,13),(4,28),(5,41)}
ISOMORPHISM: {(1,27),(2,10),(3,40),(4,45),(5,42)}
ISOMORPHISM: {(1,27),(2,42),(3,45),(4,40),(5,10)}
ISOMORPHISM: {(1,29),(2,12),(3,24),(4,50),(5,41)}
ISOMORPHISM: {(1,29),(2,12),(3,41),(4,16),(5,24)}
ISOMORPHISM: {(1,29),(2,24),(3,16),(4,41),(5,12)}
ISOMORPHISM: {(1,29),(2,41),(3,12),(4,6),(5,50)}
ISOMORPHISM: {(1,29),(2,41),(3,50),(4,24),(5,12)}
ISOMORPHISM: {(1,29),(2,50),(3,6),(4,12),(5,41)}
ISOMORPHISM: {(1,33),(2,4),(3,5),(4,13),(5,44)}
ISOMORPHISM: {(1,33),(2,4),(3,44),(4,37),(5,5)}
ISOMORPHISM: {(1,33),(2,5),(3,4),(4,13),(5,37)}
ISOMORPHISM: {(1,33),(2,5),(3,37),(4,44),(5,4)}
ISOMORPHISM: {(1,33),(2,13),(3,37),(4,4),(5,44)}
ISOMORPHISM: {(1,33),(2,13),(3,44),(4,5),(5,37)}
ISOMORPHISM: {(1,33),(2,37),(3,5),(4,44),(5,13)}
ISOMORPHISM: {(1,33),(2,37),(3,13),(4,4),(5,5)}
ISOMORPHISM: {(1,33),(2,44),(3,4),(4,37),(5,13)}
ISOMORPHISM: {(1,33),(2,44),(3,13),(4,5),(5,4)}
ISOMORPHISM: {(1,35),(2,15),(3,22),(4,49),(5,17)}
ISOMORPHISM: {(1,35),(2,17),(3,15),(4,38),(5,49)}
ISOMORPHISM: {(1,35),(2,17),(3,49),(4,22),(5,15)}
ISOMORPHISM: {(1,35),(2,49),(3,38),(4,15),(5,17)}
ISOMORPHISM: {(1,36),(2,3),(3,24),(4,32),(5,43)}
ISOMORPHISM: {(1,36),(2,3),(3,43),(4,16),(5,24)}
ISOMORPHISM: {(1,36),(2,24),(3,16),(4,43),(5,3)}
ISOMORPHISM: {(1,36),(2,32),(3,6),(4,3),(5,43)}
ISOMORPHISM: {(1,36),(2,43),(3,3),(4,6),(5,32)}
ISOMORPHISM: {(1,36),(2,43),(3,32),(4,24),(5,3)}
ISOMORPHISM: {(1,37),(2,13),(3,47),(4,5),(5,33)}
ISOMORPHISM: {(1,37),(2,33),(3,5),(4,47),(5,13)}
ISOMORPHISM: {(1,38),(2,8),(3,20),(4,34),(5,31)}
ISOMORPHISM: {(1,38),(2,8),(3,31),(4,49),(5,20)}
ISOMORPHISM: {(1,38),(2,20),(3,8),(4,35),(5,49)}
ISOMORPHISM: {(1,38),(2,20),(3,49),(4,31),(5,8)}
ISOMORPHISM: {(1,38),(2,31),(3,34),(4,20),(5,8)}
ISOMORPHISM: {(1,38),(2,49),(3,35),(4,8),(5,20)}
ISOMORPHISM: {(1,41),(2,12),(3,23),(4,50),(5,29)}
ISOMORPHISM: {(1,41),(2,12),(3,29),(4,28),(5,23)}
ISOMORPHISM: {(1,41),(2,23),(3,12),(4,26),(5,28)}
ISOMORPHISM: {(1,41),(2,23),(3,28),(4,29),(5,12)}
ISOMORPHISM: {(1,41),(2,26),(3,28),(4,29),(5,50)}
ISOMORPHISM: {(1,41),(2,26),(3,50),(4,23),(5,28)}
ISOMORPHISM: {(1,41),(2,28),(3,23),(4,50),(5,26)}
ISOMORPHISM: {(1,41),(2,28),(3,26),(4,12),(5,23)}
ISOMORPHISM: {(1,41),(2,29),(3,12),(4,26),(5,50)}
ISOMORPHISM: {(1,41),(2,29),(3,50),(4,23),(5,12)}
ISOMORPHISM: {(1,41),(2,50),(3,26),(4,12),(5,29)}
ISOMORPHISM: {(1,41),(2,50),(3,29),(4,28),(5,26)}
ISOMORPHISM: {(1,42),(2,2),(3,10),(4,3),(5,25)}
ISOMORPHISM: {(1,42),(2,2),(3,25),(4,27),(5,10)}
ISOMORPHISM: {(1,42),(2,3),(3,24),(4,2),(5,25)}
ISOMORPHISM: {(1,42),(2,3),(3,25),(4,17),(5,24)}
ISOMORPHISM: {(1,42),(2,10),(3,2),(4,45),(5,27)}
ISOMORPHISM: {(1,42),(2,10),(3,27),(4,25),(5,2)}
ISOMORPHISM: {(1,42),(2,17),(3,24),(4,27),(5,45)}
ISOMORPHISM: {(1,42),(2,17),(3,45),(4,3),(5,24)}
ISOMORPHISM: {(1,42),(2,24),(3,3),(4,45),(5,17)}
ISOMORPHISM: {(1,42),(2,24),(3,17),(4,25),(5,3)}
ISOMORPHISM: {(1,42),(2,25),(3,2),(4,24),(5,3)}
ISOMORPHISM: {(1,42),(2,25),(3,3),(4,10),(5,2)}
ISOMORPHISM: {(1,42),(2,27),(3,10),(4,17),(5,45)}
ISOMORPHISM: {(1,42),(2,27),(3,45),(4,2),(5,10)}
ISOMORPHISM: {(1,42),(2,45),(3,17),(4,10),(5,27)}
ISOMORPHISM: {(1,42),(2,45),(3,27),(4,24),(5,17)}
ISOMORPHISM: {(1,43),(2,3),(3,18),(4,32),(5,36)}
ISOMORPHISM: {(1,43),(2,36),(3,32),(4,18),(5,3)}
ISOMORPHISM: {(1,44),(2,13),(3,33),(4,6),(5,50)}
ISOMORPHISM: {(1,44),(2,13),(3,50),(4,4),(5,33)}
ISOMORPHISM: {(1,44),(2,33),(3,4),(4,50),(5,13)}
ISOMORPHISM: {(1,44),(2,50),(3,6),(4,33),(5,13)}
ISOMORPHISM: {(1,45),(2,17),(3,42),(4,20),(5,49)}
ISOMORPHISM: {(1,45),(2,17),(3,49),(4,27),(5,42)}
ISOMORPHISM: {(1,45),(2,42),(3,27),(4,49),(5,17)}
ISOMORPHISM: {(1,45),(2,49),(3,20),(4,42),(5,17)}
ISOMORPHISM: {(1,49),(2,17),(3,35),(4,20),(5,45)}
ISOMORPHISM: {(1,49),(2,17),(3,45),(4,38),(5,35)}
ISOMORPHISM: {(1,49),(2,20),(3,38),(4,17),(5,45)}
ISOMORPHISM: {(1,49),(2,20),(3,45),(4,35),(5,38)}
ISOMORPHISM: {(1,49),(2,35),(3,17),(4,20),(5,38)}
ISOMORPHISM: {(1,49),(2,35),(3,38),(4,45),(5,17)}
ISOMORPHISM: {(1,49),(2,38),(3,20),(4,17),(5,35)}
ISOMORPHISM: {(1,49),(2,38),(3,35),(4,45),(5,20)}
ISOMORPHISM: {(1,49),(2,45),(3,17),(4,38),(5,20)}
ISOMORPHISM: {(1,49),(2,45),(3,20),(4,35),(5,17)}
ISOMORPHISM: {(1,50),(2,6),(3,29),(4,13),(5,44)}
ISOMORPHISM: {(1,50),(2,6),(3,44),(4,41),(5,29)}
ISOMORPHISM: {(1,50),(2,13),(3,26),(4,6),(5,44)}
ISOMORPHISM: {(1,50),(2,13),(3,44),(4,41),(5,26)}
ISOMORPHISM: {(1,50),(2,26),(3,13),(4,29),(5,41)}
ISOMORPHISM: {(1,50),(2,26),(3,41),(4,44),(5,13)}
ISOMORPHISM: {(1,50),(2,29),(3,6),(4,26),(5,41)}
ISOMORPHISM: {(1,50),(2,29),(3,41),(4,44),(5,6)}
ISOMORPHISM: {(1,50),(2,41),(3,26),(4,6),(5,29)}
ISOMORPHISM: {(1,50),(2,41),(3,29),(4,13),(5,26)}
ISOMORPHISM: {(1,50),(2,44),(3,6),(4,26),(5,13)}
ISOMORPHISM: {(1,50),(2,44),(3,13),(4,29),(5,6)}